90 107 192 239
-0.00425114 0.00266663 0.000257677 0 0
0.0465463 -0.000190023 0.00027358 -2.64373e-06 7.35816e-09
2.20518 -0.0710239 0.00109966 -6.65956e-06 1.41884e-08
0
90 105 190 239
-0.00537122 0.00649465 6.31173e-05 0 0
0.0321817 0.00232201 0.000212286 -1.9842e-06 4.73172e-09
1.83635 -0.0572692 0.000933036 -5.82687e-06 1.26954e-08
0
80 97 182 229
-0.0022474 0.000859701 0.000387113 0 0
-0.0455494 0.00854571 4.19277e-05 -4.80473e-07 1.00781e-09
1.05272 -0.0231129 0.000383593 -2.09389e-06 3.65304e-09
0
80 96 181 229
-0.00530663 0.00332591 0.000261418 0 0
-0.0358452 0.00823151 4.90074e-05 -5.86909e-07 1.56426e-09
0.762436 -0.0160619 0.000324338 -1.90623e-06 3.5201e-09
0
80 99 184 229
-4.22243e-05 -0.000582409 0.000385793 0 0
-0.00999745 0.0036646 0.000171951 -1.71886e-06 4.95961e-09
2.28373 -0.0735213 0.0011217 -6.70466e-06 1.40932e-08
0
80 98 183 229
-0.00245578 0.00107046 0.000327189 0 0
0.00142213 0.00325166 0.000184275 -1.85013e-06 5.39093e-09
1.90326 -0.0589472 0.000924782 -5.56754e-06 1.16979e-08
0
80 98 183 229
-0.00335541 0.00179202 0.000264257 0 0
-0.00357739 0.0032238 0.000182977 -1.84392e-06 5.53953e-09
3.19209 -0.102547 0.00147049 -8.56211e-06 1.77809e-08
0
80 98 183 229
-0.00145627 0.000333571 0.000380013 0 0
-0.0114499 0.00448324 0.000154697 -1.58361e-06 4.61959e-09
0.871631 -0.0277961 0.00057724 -3.86397e-06 8.595e-09
0
90 110 185 239
0.000381047 -0.000823646 0.000352644 0 0
0.00610277 0.00195358 0.000195018 -1.71084e-06 3.95406e-09
2.68141 -0.088142 0.00130343 -7.6612e-06 1.59405e-08
0
90 109 189 239
-0.0036332 0.00208401 0.000226587 0 0
0.0147211 0.00192331 0.000196513 -1.75914e-06 4.25296e-09
2.00091 -0.0647076 0.00100926 -6.05391e-06 1.26997e-08
0
85 103 188 234
-0.00345626 0.00193481 0.000271287 0 0
-0.0602576 0.00893083 3.57221e-05 -4.25254e-07 7.29123e-10
4.56581 -0.136962 0.00174836 -9.28559e-06 1.77356e-08
0
85 103 188 234
-0.00240564 0.00109206 0.00031619 0 0
-0.0651894 0.0092138 2.74396e-05 -3.59558e-07 5.89488e-10
3.05534 -0.0910279 0.00122226 -6.60576e-06 1.26254e-08
0
85 105 190 234
0.000585264 -0.000915071 0.000353317 0 0
-0.0503366 0.00609012 0.000113342 -1.22327e-06 3.62654e-09
4.41991 -0.143151 0.00194675 -1.09604e-05 2.22076e-08
0
85 104 189 234
-0.00241514 0.00114321 0.000268247 0 0
-0.0326468 0.00511371 0.000141657 -1.51212e-06 4.55937e-09
3.28733 -0.106224 0.0015067 -8.67312e-06 1.78128e-08
0
85 104 189 234
-0.00297028 0.00166403 0.000244747 0 0
-0.0183289 0.00404388 0.000168016 -1.81688e-06 5.83866e-09
3.37691 -0.108079 0.00151202 -8.6033e-06 1.74838e-08
0
85 101 186 234
-0.000345188 -0.000257256 0.000360752 0 0
-0.00517299 0.00240046 0.000211047 -2.26039e-06 7.50526e-09
0.98687 -0.0329282 0.000632582 -4.05899e-06 8.72813e-09
0
