85 111 196 235
0.00118459 -0.0010098 0.000200197 0 0
0.142441 -0.00997329 0.000412276 -3.22251e-06 7.67657e-09
4.26801 -0.135903 0.00181609 -1.00058e-05 1.98033e-08
0
85 108 193 235
-0.000283536 -9.42713e-05 0.000217565 0 0
0.0579981 -0.003343 0.000287103 -2.2194e-06 4.57974e-09
3.14283 -0.109031 0.00161472 -9.57311e-06 2.013e-08
0
80 101 186 230
-0.00138767 0.000824581 0.00022175 0 0
-0.0727548 0.00664533 0.000107385 -1.2471e-06 4.13925e-09
0.341503 -0.00611998 0.000238885 -1.60124e-06 3.17136e-09
0
80 101 186 230
-0.00114682 0.000976046 0.000216812 0 0
-0.0782059 0.00753337 8.28693e-05 -9.62083e-07 2.95212e-09
-0.0235151 0.00466258 0.000125841 -1.10305e-06 2.40073e-09
0
80 104 189 230
0.000270147 -0.000521462 0.00023264 0 0
0.0191645 -0.00113737 0.000256242 -2.10074e-06 4.74953e-09
5.62503 -0.177969 0.00232587 -1.27948e-05 2.55234e-08
0
80 103 188 230
-0.00148416 0.000784123 0.000184413 0 0
0.00666371 0.000132155 0.000222009 -1.764e-06 3.66533e-09
5.23742 -0.163488 0.00213298 -1.16945e-05 2.32358e-08
0
80 104 189 230
-0.000623696 0.00024247 0.00018932 0 0
0.0174047 -0.00134382 0.000265084 -2.20407e-06 5.14308e-09
5.02185 -0.158529 0.0020932 -1.15672e-05 2.31116e-08
0
80 103 188 230
-0.000170707 -0.000222065 0.000226396 0 0
-0.0283539 0.00288006 0.000150343 -1.01556e-06 9.42291e-10
3.45619 -0.108121 0.00148821 -8.36455e-06 1.68053e-08
0
90 113 188 239
-0.000933626 0.000405952 0.000195962 0 0
0.100781 -0.00653518 0.000359398 -2.91797e-06 7.04044e-09
3.57521 -0.115735 0.00160956 -9.11807e-06 1.84574e-08
0
90 113 193 239
-0.00169446 0.00104816 0.000174717 0 0
0.0982589 -0.00688623 0.000403777 -3.58839e-06 9.84186e-09
10.7941 -0.343891 0.00431569 -2.33553e-05 4.64428e-08
0
80 106 191 229
0.00133263 -0.0011035 0.00020186 0 0
-0.0563362 0.00239836 0.000192733 -1.85097e-06 5.4655e-09
-1.37071 0.0506826 -0.000477201 2.39782e-06 -5.11126e-09
0
80 107 192 229
0.00352883 -0.00185896 0.000222088 0 0
-0.100041 0.00439829 0.000161339 -1.63913e-06 4.90484e-09
1.04804 -0.0304738 0.000528029 -3.06241e-06 5.88272e-09
0
80 108 193 229
0.00204852 -0.00122359 0.0001895 0 0
-0.008497 -0.00154807 0.000266395 -2.27022e-06 5.81717e-09
9.14306 -0.271216 0.00320625 -1.62678e-05 3.02273e-08
0
80 107 192 229
0.00105042 -0.000893311 0.000185832 0 0
-0.00638938 -0.000741011 0.000226944 -1.70392e-06 3.31039e-09
7.73021 -0.233298 0.00283308 -1.46786e-05 2.77748e-08
0
80 108 193 229
0.000966874 -0.000852223 0.000173926 0 0
0.0281403 -0.00367821 0.000295212 -2.34323e-06 5.42897e-09
13.4776 -0.416338 0.00500599 -2.60807e-05 5.00964e-08
0
80 104 189 229
0.00350421 -0.00170368 0.000208441 0 0
0.0706842 -0.00732619 0.000392061 -3.37371e-06 9.29398e-09
6.08394 -0.183064 0.00226284 -1.18217e-05 2.24398e-08
0
